q=1:10;
f=45;

